[new_arizona_sighting.png]
filters=crop64=1,170b20bcfde797e5;
crop=rect64(170b20bcfde797e5)
moddate=0000b925f4ce0000
width=611
height=391
textactive=0
[UFO_logo.png]
moddate=0000ad32f4ce0000
width=283
height=217
text=1;165;20;PABLO&#010;THE UFO HUNTER;American Typewriter Condensed;0.262364,0.537878,0.072222,0.000000;v1,4281998093,4278190080,128.000000,1.000000,0.500000,1.000000,400,2,49152;;
textactive=1
[russian_ufo_crash.jpg]
filters=crop64=1,3332ce3fccc92aa;
crop=rect64(3332ce3fccc92aa)
moddate=00007f2df4ce0000
width=702
height=229
textactive=0
